Thu Jul 09 11:43:34 CST 2020
8170
黑
人
0  4  0  0  0  4  4  4  4  4  4  4  4  4  4  4  
0  0  0  0  0  4  4  4  4  4  4  4  4  4  4  4  
4  4  0  0  4  4  4  4  4  4  4  4  4  4  4  4  
4  4  0  4  4  4  4  4  4  4  4  4  4  4  4  4  
0  0  4  4  4  4  4  4  4  4  4  4  4  4  4  4  
4  4  0  4  4  4  4  4  4  4  4  4  4  4  4  4  
4  4  4  4  4  4  4  4  4  4  4  4  4  4  4  4  
4  4  4  0  4  4  4  4  4  4  4  4  4  4  4  4  
4  4  4  4  4  4  4  4  4  4  4  4  4  4  4  4  
4  4  4  4  0  4  4  4  4  4  4  4  4  4  4  4  
4  4  4  4  4  0  4  4  4  4  4  4  4  4  4  4  
4  4  4  4  4  4  2  2  4  4  4  4  4  4  2  2  
4  4  4  4  4  4  0  2  4  4  4  4  4  2  2  2  
4  4  4  4  4  4  4  4  4  2  4  2  2  2  2  2  
4  4  4  4  4  4  4  4  4  4  4  2  2  4  4  2  
4  4  4  4  4  4  4  4  4  4  4  2  4  4  2  4  

