Tue Jul 07 17:53:50 CST 2020
55306
黑
人
0  0  0  0  0  4  4  4  4  4  4  4  4  4  4  4  
0  0  0  0  0  4  4  4  4  4  4  4  4  4  4  4  
0  0  0  0  4  4  4  4  4  4  4  4  4  4  4  4  
0  0  0  4  4  4  4  4  4  4  4  4  4  4  4  4  
0  0  4  4  4  4  4  4  4  4  4  4  4  4  4  4  
4  4  4  4  4  4  4  4  4  4  4  4  4  4  4  4  
4  4  4  4  4  4  4  4  4  4  4  4  4  4  4  4  
4  4  4  4  4  4  4  4  4  4  4  4  4  4  4  4  
4  4  4  4  4  4  4  4  4  4  4  4  4  4  4  4  
4  4  4  4  4  4  4  4  4  4  4  4  4  4  4  4  
4  4  4  4  4  4  4  4  4  4  4  4  4  4  4  4  
4  4  4  4  4  4  4  4  4  4  4  4  4  4  2  2  
4  4  4  4  4  4  4  4  4  4  4  4  4  2  2  2  
4  4  4  4  4  4  4  4  4  4  4  4  2  2  2  2  
4  4  4  4  4  4  4  4  4  4  4  2  2  2  2  2  
4  4  4  4  4  4  4  4  4  4  4  2  2  2  2  2  

