Wed Jul 08 11:42:29 CST 2020
19600
黑
人
0  2  4  4  4  4  4  4  4  4  4  4  4  4  4  4  
0  4  0  0  0  4  4  4  4  4  4  4  4  4  4  4  
4  4  2  4  4  4  4  4  4  4  4  4  4  4  4  4  
4  4  0  0  4  4  4  4  4  4  4  4  4  4  4  4  
2  4  4  4  4  4  4  4  4  4  4  4  4  4  4  4  
4  4  0  4  4  4  4  4  4  4  4  4  4  4  4  4  
4  4  4  4  4  4  4  4  4  4  4  4  4  4  4  4  
4  4  4  2  4  4  4  4  4  4  4  4  4  4  4  4  
4  4  4  4  0  4  4  4  4  4  4  4  4  4  4  4  
4  4  4  2  0  4  2  4  4  4  4  4  4  4  4  4  
4  4  4  0  4  0  4  4  4  4  4  4  4  4  4  4  
4  4  4  4  4  4  2  2  4  4  4  4  4  4  2  4  
4  4  4  4  4  0  0  4  0  4  2  4  0  2  2  2  
4  4  4  4  4  4  4  4  4  4  4  4  2  4  2  4  
4  4  4  4  4  4  4  4  4  4  2  2  0  4  0  2  
4  4  4  4  4  4  4  4  4  4  4  4  4  4  2  0  

